name: rnd
channels:
  - conda-forge
  - defaults
  - pytorch
dependencies:
  - _libgcc_mutex=0.1=main
  - _pytorch_select=0.2=gpu_0
  - blas=1.0=mkl
  - bzip2=1.0.8=h7b6447c_0
  - ca-certificates=2020.4.5.1=hecc5488_0
  - cairo=1.14.12=h8948797_3
  - certifi=2020.4.5.1=py36h9f0ad1d_0
  - cffi=1.14.0=py36h2e261b9_0
  - cloudpickle=1.3.0=py_0
  - cudatoolkit=10.1.243=h6bb024c_0
  - cudnn=7.6.5=cuda10.1_0
  - ffmpeg=4.0.2=ha0c5888_2
  - fontconfig=2.13.0=h9420a91_0
  - freeglut=3.0.0=hf484d3e_5
  - freetype=2.9.1=h8a8886c_1
  - future=0.18.2=py36_0
  - glib=2.63.1=h5a9c865_0
  - gmp=6.1.2=hf484d3e_1000
  - gnutls=3.5.19=h2a4e5f8_1
  - graphite2=1.3.13=h23475e2_0
  - gym=0.17.2=py36h9f0ad1d_0
  - harfbuzz=1.8.8=hffaf4a1_0
  - hdf5=1.10.2=hba1933b_1
  - icu=58.2=he6710b0_3
  - intel-openmp=2020.0=166
  - jasper=2.0.14=h07fcdf6_1
  - jpeg=9b=h024ee3a_2
  - lame=3.100=h14c3975_1001
  - ld_impl_linux-64=2.33.1=h53a641e_7
  - libedit=3.1.20181209=hc058e9b_0
  - libffi=3.2.1=hd88cf55_4
  - libgcc-ng=9.1.0=hdf63c60_0
  - libgfortran-ng=7.3.0=hdf63c60_0
  - libglu=9.0.0=hf484d3e_1
  - libiconv=1.15=h516909a_1006
  - libopencv=3.4.2=hb342d67_1
  - libopus=1.3.1=h7b6447c_0
  - libpng=1.6.37=hbc83047_0
  - libprotobuf=3.11.4=hd408876_0
  - libstdcxx-ng=9.1.0=hdf63c60_0
  - libtiff=4.1.0=h2733197_0
  - libuuid=1.0.3=h1bed415_2
  - libvpx=1.7.0=h439df22_0
  - libxcb=1.13=h1bed415_1
  - libxml2=2.9.9=hea5a465_1
  - mkl=2020.0=166
  - mkl-service=2.3.0=py36he904b0f_0
  - mkl_fft=1.0.15=py36ha843d7b_0
  - mkl_random=1.1.0=py36hd6b4f25_0
  - ncurses=6.2=he6710b0_1
  - nettle=3.3=0
  - ninja=1.9.0=py36hfd86e86_0
  - numpy=1.18.1=py36h4f9e942_0
  - numpy-base=1.18.1=py36hde5b4d6_1
  - opencv=3.4.2=py36h6fd60c2_1
  - openh264=1.8.0=hdbcaa40_1000
  - openssl=1.1.1g=h516909a_0
  - pcre=8.43=he6710b0_0
  - pip=20.0.2=py36_1
  - pixman=0.38.0=h7b6447c_0
  - protobuf=3.11.4=py36he6710b0_0
  - py-opencv=3.4.2=py36hb342d67_1
  - pycparser=2.20=py_0
  - pyglet=1.5.0=py36h9f0ad1d_1
  - python=3.6.10=hcf32534_1
  - python_abi=3.6=1_cp36m
  - pytorch=1.4.0=cuda101py36h02f0884_0
  - pyyaml=5.3.1=py36h8c4c3a4_0
  - readline=8.0=h7b6447c_0
  - scipy=1.4.1=py36h0b6359f_0
  - setuptools=46.1.3=py36_0
  - six=1.14.0=py36_0
  - sqlite=3.31.1=h62c20be_1
  - tensorboardx=2.0=py_0
  - tk=8.6.8=hbc83047_0
  - wheel=0.34.2=py36_0
  - x264=1!152.20180717=h14c3975_1001
  - xz=5.2.5=h7b6447c_0
  - yaml=0.2.4=h516909a_0
  - zlib=1.2.11=h7b6447c_3
  - zstd=1.3.7=h0b5b093_0
  - pip:
    - atari-py==0.2.6
    - easyprocess==0.3
